59.47176 0 0.0
47.270298 0 0.02
47.13838 0 0.04
47.279804 0 0.06
47.517586 0 0.08
47.550545 0 0.099999994
47.732353 0 0.11999999
47.95454 0 0.13999999
47.913914 0 0.15999998
47.973675 0 0.17999998
48.26514 0 0.19999997
48.189304 0 0.21999997
48.339787 0 0.23999996
48.182823 0 0.25999996
48.254456 0 0.27999997
48.568962 0 0.29999998
48.63704 0 0.32
48.709187 0 0.34
48.818737 0 0.36
48.60281 0 0.38000003
48.981792 0 0.40000004
48.94617 0 0.42000005
49.112663 0 0.44000006
49.18227 0 0.46000007
48.964455 0 0.48000008
49.00802 0 0.50000006
49.28884 0 0.52000004
49.23596 0 0.54
49.342045 0 0.56
49.384003 0 0.58
49.423687 0 0.59999996
49.208694 0 0.61999995
49.251495 0 0.6399999
49.541042 0 0.6599999
49.325962 0 0.6799999
49.31757 0 0.69999987
49.478172 0 0.71999985
49.30401 0 0.73999983
49.326607 0 0.7599998
49.72347 0 0.7799998
49.732845 0 0.7999998
49.46713 0 0.81999975
49.636444 0 0.83999974
49.69173 0 0.8599997
49.706966 0 0.8799997
49.72474 0 0.8999997
49.822834 0 0.91999966
49.56682 0 0.93999964
49.704586 0 0.9599996
49.73958 0 0.9799996
49.90516 0 0.9999996
49.80054 0 1.0199996
49.43341 0 1.0399996
49.792847 0 1.0599996
49.851143 1 1.0799996
49.730362 1 1.0999995
49.814507 1 1.1199995
49.918285 1 1.1399995
49.833225 1 1.1599995
50.00042 1 1.1799995
49.88515 1 1.1999995
49.934254 1 1.2199994
49.791397 1 1.2399994
49.911915 1 1.2599994
49.99166 1 1.2799994
49.85936 1 1.2999994
49.912804 1 1.3199993
49.90622 1 1.3399993
49.94312 1 1.3599993
50.072205 1 1.3799993
49.937023 1 1.3999993
49.883457 1 1.4199992
49.87993 1 1.4399992
50.06548 1 1.4599992
49.76726 1 1.4799992
49.65988 1 1.4999992
49.998013 1 1.5199991
49.810123 1 1.5399991
49.966965 1 1.5599991
50.096897 1 1.5799991
49.951782 1 1.5999991
49.818436 1 1.619999
49.983864 1 1.639999
50.005302 1 1.659999
49.84348 1 1.679999
50.091206 1 1.699999
49.969944 1 1.719999
50.00228 1 1.7399989
50.03006 1 1.7599989
49.97554 1 1.7799989
49.86303 1 1.7999989
50.00531 1 1.8199989
50.07235 1 1.8399988
50.027035 1 1.8599988
49.834877 1 1.8799988
50.03883 1 1.8999988
49.98855 1 1.9199988
50.005844 1 1.9399987
50.10182 1 1.9599987
50.011135 1 1.9799987
50.011593 1 1.9999987
49.88785 1 2.0199988
50.09721 1 2.0399988
50.04406 1 2.0599988
50.039738 1 2.0799987
49.954037 1 2.0999987
49.64104 200 2.1199987
50.030155 200 2.1399987
50.01636 200 2.1599987
50.002827 200 2.1799986
50.015965 200 2.1999986
49.75086 200 2.2199986
49.869373 200 2.2399986
49.687656 200 2.2599986
50.018116 200 2.2799985
50.04884 200 2.2999985
49.92088 200 2.3199985
50.04736 200 2.3399985
50.048935 200 2.3599985
50.0651 200 2.3799984
49.803715 200 2.3999984
50.06661 200 2.4199984
49.98811 200 2.4399984
49.956665 200 2.4599984
49.968468 200 2.4799984
49.624355 200 2.4999983
50.058945 201 2.5199983
49.891304 201 2.5399983
50.056904 201 2.5599983
49.90204 201 2.5799983
50.104057 201 2.5999982
49.975838 201 2.6199982
50.10356 201 2.6399982
49.875366 201 2.6599982
49.92291 201 2.6799982
50.076153 201 2.6999981
49.801277 201 2.7199981
50.013412 201 2.739998
50.060486 201 2.759998
50.1797 201 2.779998
50.031773 201 2.799998
50.16155 201 2.819998
50.0487 201 2.839998
50.054226 201 2.859998
50.129444 201 2.879998
49.976852 201 2.899998
50.019997 201 2.919998
49.878674 201 2.939998
49.955025 201 2.959998
49.96295 201 2.9799979
49.940712 201 2.9999979
50.081455 201 3.0199978
50.003933 201 3.0399978
50.048656 201 3.0599978
49.910763 201 3.0799978
50.037964 202 3.0999978
50.04455 202 3.1199977
50.107166 202 3.1399977
50.105637 202 3.1599977
50.034416 202 3.1799977
50.130386 202 3.1999977
50.048992 202 3.2199976
48.721874 202 3.2399976
50.130028 202 3.2599976
50.177986 202 3.2799976
50.11258 202 3.2999976
50.075073 202 3.3199975
49.969894 202 3.3399975
50.164246 202 3.3599975
50.075024 202 3.3799975
50.072132 202 3.3999975
50.083717 202 3.4199975
49.92455 202 3.4399974
49.787308 202 3.4599974
49.963993 202 3.4799974
49.708035 202 3.4999974
48.71888 202 3.5199974
50.121513 202 3.5399973
50.105053 401 3.5599973
50.158543 401 3.5799973
50.02804 401 3.5999973
50.130177 401 3.6199973
50.08666 401 3.6399972
49.865597 401 3.6599972
49.950073 401 3.6799972
50.055984 401 3.6999972
50.057014 401 3.7199972
50.19186 401 3.7399971
50.007233 401 3.7599971
49.97332 402 3.779997
50.151535 402 3.799997
50.00475 402 3.819997
50.17958 402 3.839997
49.96559 402 3.859997
50.059635 402 3.879997
49.967094 402 3.899997
50.09215 402 3.919997
50.094135 402 3.939997
50.12638 402 3.959997
49.996086 402 3.979997
50.001945 402 3.999997
49.93629 402 4.019997
50.0362 402 4.039997
50.024754 402 4.059997
50.07963 402 4.079997
50.07785 402 4.099997
49.764038 402 4.119997
50.021206 422 4.139997
50.067616 422 4.159997
50.11342 422 4.179997
50.072796 422 4.199997
49.936462 422 4.219997
50.038177 422 4.239997
50.078526 422 4.259997
49.948147 422 4.279997
50.076168 422 4.299997
50.07703 422 4.319997
50.05544 422 4.339997
50.05893 422 4.359997
49.929615 422 4.379997
49.90202 422 4.3999968
50.022984 422 4.4199967
49.873173 422 4.4399967
50.006145 422 4.4599967
49.88707 422 4.4799967
50.139034 422 4.4999967
50.097267 422 4.5199966
50.088192 422 4.5399966
50.044163 422 4.5599966
50.086742 422 4.5799966
50.084152 422 4.5999966
50.015152 422 4.6199965
49.996765 422 4.6399965
49.941807 422 4.6599965
49.91612 422 4.6799965
50.041565 422 4.6999965
49.94596 422 4.7199965
49.909607 422 4.7399964
49.980103 422 4.7599964
50.12216 422 4.7799964
50.075684 422 4.7999964
49.91156 441 4.8199964
50.064816 441 4.8399963
50.021828 441 4.8599963
49.958572 441 4.8799963
49.957783 441 4.8999963
49.83775 441 4.9199963
50.032894 441 4.9399962
50.035866 441 4.959996
50.119896 441 4.979996
50.083893 441 4.999996
50.05698 441 5.019996
49.94019 441 5.039996
50.057915 441 5.059996
49.970547 441 5.079996
50.014156 441 5.099996
49.953053 441 5.119996
50.03686 442 5.139996
50.128395 442 5.159996
50.07509 461 5.179996
50.060825 461 5.199996
49.992577 461 5.219996
49.713535 461 5.239996
50.03778 461 5.259996
50.118835 461 5.279996
49.9106 461 5.299996
49.883873 461 5.319996
50.050663 461 5.339996
49.807102 461 5.359996
49.939598 461 5.379996
50.025337 461 5.399996
50.06869 461 5.419996
49.91971 461 5.439996
50.086613 461 5.4599957
50.010242 461 5.4799957
50.01348 461 5.4999957
50.021076 461 5.5199957
50.017494 461 5.5399957
50.04504 462 5.5599957
50.05809 462 5.5799956
49.94275 462 5.5999956
49.78499 462 5.6199956
50.092743 462 5.6399956
49.834965 462 5.6599956
50.039616 462 5.6799955
49.911686 462 5.6999955
50.081337 462 5.7199955
49.88089 462 5.7399955
50.03967 462 5.7599955
50.166157 462 5.7799954
49.7647 462 5.7999954
50.075863 462 5.8199954
50.035988 462 5.8399954
49.912155 462 5.8599954
49.946045 462 5.8799953
49.78053 462 5.8999953
49.992508 462 5.9199953
50.121387 462 5.9399953
49.744797 462 5.9599953
50.126057 462 5.9799953
50.173992 462 5.999995
50.108704 462 6.019995
50.096554 462 6.039995
50.01344 462 6.059995
50.122223 462 6.079995
50.079895 462 6.099995
49.90622 462 6.119995
49.89633 262 6.139995
50.084328 262 6.159995
50.07791 461 6.179995
49.95458 461 6.199995
49.95197 461 6.219995
49.7019 461 6.239995
49.845734 461 6.259995
50.070442 461 6.279995
50.128933 461 6.299995
49.86168 461 6.319995
49.951576 461 6.339995
49.80658 461 6.359995
49.926907 461 6.379995
50.13374 461 6.399995
49.982143 461 6.419995
49.98437 461 6.439995
50.112537 461 6.459995
49.9876 461 6.479995
50.03126 461 6.4999948
50.106243 461 6.5199947
49.8453 461 6.5399947
49.979862 461 6.5599947
50.057228 461 6.5799947
49.99202 480 6.5999947
49.86574 480 6.6199946
50.05457 480 6.6399946
50.101376 480 6.6599946
49.909378 480 6.6799946
49.77207 480 6.6999946
49.782578 480 6.7199945
49.686474 480 6.7399945
50.116455 480 6.7599945
50.146328 480 6.7799945
49.94034 480 6.7999945
49.92935 480 6.8199944
49.900116 480 6.8399944
50.095604 480 6.8599944
49.873646 480 6.8799944
50.054306 480 6.8999944
50.046303 480 6.9199944
49.99306 480 6.9399943
50.11919 480 6.9599943
49.993374 480 6.9799943
50.095963 480 6.9999943
49.917152 480 7.0199943
50.15429 480 7.0399942
50.136734 480 7.059994
50.16168 480 7.079994
50.09302 480 7.099994
49.80393 480 7.119994
50.163467 480 7.139994
50.116497 480 7.159994
50.173187 480 7.179994
50.069267 480 7.199994
49.882103 480 7.219994
50.080914 480 7.239994
49.910206 480 7.259994
49.934265 480 7.279994
49.914726 480 7.299994
50.1805 480 7.319994
50.08198 480 7.339994
50.06129 480 7.359994
50.069866 480 7.379994
49.682064 480 7.399994
50.072647 480 7.419994
50.077248 480 7.439994
49.932003 480 7.459994
50.083767 480 7.479994
49.856 480 7.499994
50.060654 480 7.519994
49.88988 480 7.539994
50.17586 480 7.5599937
49.93579 280 7.5799937
50.098328 280 7.5999937
49.94751 280 7.6199937
50.084526 280 7.6399937
50.054497 280 7.6599936
50.097103 280 7.6799936
49.99477 281 7.6999936
49.92482 281 7.7199936
50.072315 281 7.7399936
49.935596 281 7.7599936
49.960857 281 7.7799935
50.039516 281 7.7999935
49.975285 281 7.8199935
49.907406 281 7.8399935
50.095478 281 7.8599935
49.984123 281 7.8799934
49.90493 281 7.8999934
49.882065 281 7.9199934
50.096935 281 7.9399934
49.75773 281 7.9599934
50.029778 281 7.9799933
50.101315 281 7.9999933
50.039734 281 8.019994
49.89499 281 8.039994
49.999706 281 8.059995
50.10272 281 8.079995
49.964508 281 8.099996
50.026936 281 8.119996
49.975723 281 8.139997
49.855 261 8.159997
50.02948 261 8.179997
50.090652 261 8.199998
50.038918 261 8.219998
49.91643 261 8.239999
50.04731 261 8.259999
49.721264 261 8.28
50.095875 261 8.3
49.781303 261 8.320001
50.083893 261 8.340001
49.951862 261 8.360002
50.10487 261 8.380002
49.95279 261 8.4000025
50.139786 261 8.420003
49.873173 261 8.440003
50.015488 261 8.460004
49.855305 261 8.480004
50.127064 261 8.500005
50.038986 261 8.520005
50.06618 261 8.540006
50.100754 261 8.560006
50.08744 261 8.580007
49.86914 261 8.600007
49.97867 261 8.6200075
49.95795 261 8.640008
50.085968 261 8.660008
50.059925 261 8.680009
49.90037 261 8.700009
50.088005 261 8.72001
49.97116 460 8.74001
50.05284 460 8.760011
50.07368 461 8.780011
49.83531 461 8.800012
50.04759 461 8.820012
50.077923 441 8.840013
50.17034 441 8.860013
50.108624 441 8.880013
50.136414 441 8.900014
50.056767 441 8.920014
50.1221 441 8.940015
50.070477 441 8.960015
50.091274 441 8.980016
49.828754 441 9.000016
50.098564 441 9.020017
50.00319 441 9.040017
49.921516 441 9.060018
49.988277 441 9.080018
50.046 441 9.1000185
49.901096 441 9.120019
50.05256 441 9.140019
50.011944 441 9.16002
50.065605 441 9.18002
49.82255 421 9.200021
50.030243 421 9.220021
50.020798 421 9.240022
50.031506 422 9.260022
49.854958 422 9.280023
50.033318 422 9.300023
50.017624 422 9.320024
50.091766 422 9.340024
49.888256 422 9.360024
49.893646 422 9.380025
49.837704 422 9.400025
49.982674 422 9.420026
50.052677 422 9.440026
50.07068 422 9.460027
49.942165 422 9.480027
50.100357 422 9.500028
49.818905 422 9.520028
50.038864 422 9.540029
49.84171 422 9.560029
50.05225 422 9.5800295
49.91462 422 9.60003
50.099247 422 9.62003
49.948 422 9.640031
50.04872 422 9.660031
50.06382 422 9.680032
50.024437 422 9.700032
50.046223 422 9.720033
50.034206 423 9.740033
50.101593 423 9.760034
49.688667 423 9.780034
49.900356 423 9.8000345
49.961643 622 9.820035
50.12007 622 9.840035
50.048706 622 9.860036
49.90462 622 9.880036
49.895985 622 9.900037
50.0489 622 9.920037
50.025097 622 9.940038
50.02392 622 9.960038
50.02854 622 9.980039
49.778423 622 10.000039
49.79832 622 10.02004
50.131676 622 10.04004
50.059547 622 10.06004
49.814915 622 10.080041
50.096565 622 10.100041
49.97863 622 10.120042
49.97072 622 10.140042
49.976326 622 10.160043
49.979343 622 10.180043
50.105778 422 10.200044
50.00125 422 10.220044
49.756283 422 10.240045
49.87496 422 10.260045
50.003677 422 10.2800455
49.965343 621 10.300046
49.955154 621 10.320046
49.948387 621 10.340047
50.108353 621 10.360047
50.135166 621 10.380048
49.746998 621 10.400048
49.871246 621 10.420049
50.039536 621 10.440049
50.069336 621 10.46005
50.124523 621 10.48005
50.088108 621 10.500051
50.095913 621 10.520051
50.02792 621 10.540051
49.89534 621 10.560052
49.899082 621 10.580052
49.897892 621 10.600053
50.141937 601 10.620053
50.077717 601 10.640054
50.07522 601 10.660054
50.069912 601 10.680055
50.148163 601 10.700055
49.868412 601 10.720056
49.61842 601 10.740056
49.41318 601 10.7600565
50.028706 620 10.780057
50.12234 620 10.800057
49.966736 620 10.820058
50.159245 620 10.840058
50.038506 620 10.860059
50.177845 620 10.880059
50.051495 620 10.90006
50.08682 620 10.92006
49.948265 620 10.940061
49.733307 620 10.960061
50.023495 620 10.980062
50.013252 620 11.000062
49.90767 620 11.020062
50.145206 620 11.040063
50.1256 620 11.060063
49.973595 620 11.080064
50.017456 620 11.100064
50.12528 620 11.120065
50.053974 620 11.140065
50.031303 620 11.160066
50.033268 620 11.180066
50.128963 620 11.200067
50.011703 620 11.220067
50.144028 620 11.2400675
50.13256 620 11.260068
50.059807 620 11.280068
50.058907 620 11.300069
50.046825 620 11.320069
49.90495 620 11.34007
49.91461 621 11.36007
49.774155 621 11.380071
49.62592 621 11.400071
50.16875 621 11.420072
49.86729 621 11.440072
50.124413 621 11.4600725
50.090324 621 11.480073
50.066742 621 11.500073
50.124126 621 11.520074
49.83238 621 11.540074
50.078445 621 11.560075
50.09378 621 11.580075
49.99395 621 11.600076
49.98316 621 11.620076
49.942425 621 11.640077
49.845955 621 11.660077
50.010643 621 11.680078
50.054592 621 11.700078
49.999844 621 11.720078
50.071316 621 11.740079
50.074127 621 11.760079
50.117516 621 11.78008
49.97866 621 11.80008
49.85759 621 11.820081
48.401794 621 11.840081
50.068 621 11.860082
49.973965 621 11.880082
49.82888 621 11.900083
49.903526 621 11.920083
49.951344 621 11.9400835
49.66847 621 11.960084
49.835697 621 11.980084
49.921047 621 12.000085
49.87464 621 12.020085
49.947876 621 12.040086
49.945953 621 12.060086
49.94632 621 12.080087
49.98954 621 12.100087
49.961327 621 12.120088
49.9875 621 12.140088
49.999233 621 12.160089
49.999123 621 12.180089
50.02713 621 12.200089
50.01209 621 12.22009
49.971348 621 12.24009
49.95322 621 12.260091
50.028145 621 12.280091
49.915577 621 12.300092
50.01737 621 12.320092
49.99051 621 12.340093
50.099594 621 12.360093
49.92636 621 12.380094
49.98121 640 12.400094
49.643574 640 12.4200945
49.879593 640 12.440095
49.969444 640 12.460095
50.034203 640 12.480096
50.048218 640 12.500096
49.915306 640 12.520097
49.91905 640 12.540097
49.8212 640 12.560098
49.943993 640 12.580098
49.732338 640 12.600099
50.01044 640 12.620099
50.086365 640 12.6401
49.92735 640 12.6601
50.16403 640 12.6801
50.056118 640 12.700101
50.065174 640 12.720101
49.900333 640 12.740102
50.044716 440 12.760102
49.895264 440 12.780103
50.023502 440 12.800103
49.762688 440 12.820104
49.945362 440 12.840104
50.041573 440 12.860105
50.051964 440 12.880105
50.134136 440 12.900105
49.96465 440 12.920106
49.816086 440 12.940106
50.0798 440 12.960107
49.950115 440 12.980107
49.911495 440 13.000108
49.951107 440 13.020108
50.048553 440 13.040109
50.135624 440 13.060109
49.729404 440 13.08011
50.13466 440 13.10011
49.831825 440 13.1201105
50.04859 440 13.140111
49.883663 440 13.160111
50.12726 440 13.180112
49.87157 440 13.200112
50.055252 440 13.220113
49.933422 440 13.240113
50.051796 440 13.260114
49.912857 440 13.280114
49.988346 440 13.300115
50.03271 440 13.320115
49.867805 440 13.340116
50.11674 440 13.360116
49.85166 440 13.380116
49.85917 440 13.400117
49.957195 440 13.420117
49.955067 440 13.440118
50.173676 440 13.460118
50.03412 440 13.480119
49.878735 440 13.500119
50.09915 440 13.52012
50.10877 440 13.54012
50.05578 440 13.560121
49.923523 440 13.580121
49.965458 440 13.6001215
49.843903 440 13.620122
49.963493 440 13.640122
50.090157 440 13.660123
50.15599 440 13.680123
50.05767 440 1